phi theta ratio
2.50   1.00  1.000000
2.50   3.00  1.000000
2.50   5.00  1.000000
2.50   7.00  1.000000
2.50   9.00  1.000000
2.50   11.00 1.000000
2.50   13.00 0.999984
2.50   15.00 0.999960
2.50   17.00 0.999968
2.50   19.00 0.999951
2.50   21.00 0.999884
2.50   23.00 0.999858
2.50   25.00 0.999787
2.50   27.00 0.999697
2.50   29.00 0.999630
2.50   31.00 0.999488
2.50   33.00 0.999449
2.50   35.00 0.999239
2.50   37.00 0.999017
2.50   39.00 0.998733
2.50   41.00 0.998635
2.50   43.00 0.998203
2.50   45.00 0.998119
2.50   47.00 0.997445
2.50   49.00 0.996843
2.50   51.00 0.996079
2.50   53.00 0.994799
2.50   55.00 0.994147
2.50   57.00 0.992742
2.50   59.00 0.991257
2.50   61.00 0.988806
2.50   63.00 0.985432
2.50   65.00 0.980806
2.50   67.00 0.975554
2.50   69.00 0.968913
2.50   71.00 0.957684
2.50   73.00 0.944354
2.50   75.00 0.924736
2.50   77.00 0.896507
2.50   79.00 0.856694
2.50   81.00 0.802118
2.50   83.00 0.725019
2.50   85.00 0.608801
2.50   87.00 0.447414
2.50   89.00 0.225749
7.50   1.00  1.000000
7.50   3.00  1.000000
7.50   5.00  1.000000
7.50   7.00  1.000000
7.50   9.00  1.000000
7.50   11.00 0.999992
7.50   13.00 0.999992
7.50   15.00 0.999960
7.50   17.00 0.999960
7.50   19.00 0.999894
7.50   21.00 0.999835
7.50   23.00 0.999782
7.50   25.00 0.999660
7.50   27.00 0.999645
7.50   29.00 0.999454
7.50   31.00 0.999461
7.50   33.00 0.999330
7.50   35.00 0.999239
7.50   37.00 0.998911
7.50   39.00 0.998802
7.50   41.00 0.998573
7.50   43.00 0.998213
7.50   45.00 0.997859
7.50   47.00 0.997197
7.50   49.00 0.996225
7.50   51.00 0.995896
7.50   53.00 0.994937
7.50   55.00 0.993790
7.50   57.00 0.992336
7.50   59.00 0.990861
7.50   61.00 0.987819
7.50   63.00 0.984130
7.50   65.00 0.980023
7.50   67.00 0.975818
7.50   69.00 0.967771
7.50   71.00 0.957129
7.50   73.00 0.942880
7.50   75.00 0.926008
7.50   77.00 0.894092
7.50   79.00 0.857353
7.50   81.00 0.800209
7.50   83.00 0.721623
7.50   85.00 0.605742
7.50   87.00 0.440746
7.50   89.00 0.223802
12.50  1.00  1.000000
12.50  3.00  1.000000
12.50  5.00  1.000000
12.50  7.00  1.000000
12.50  9.00  1.000000
12.50  11.00 0.999992
12.50  13.00 0.999992
12.50  15.00 0.999976
12.50  17.00 0.999911
12.50  19.00 0.999886
12.50  21.00 0.999893
12.50  23.00 0.999841
12.50  25.00 0.999702
12.50  27.00 0.999594
12.50  29.00 0.999551
12.50  31.00 0.999479
12.50  33.00 0.999422
12.50  35.00 0.998966
12.50  37.00 0.998921
12.50  39.00 0.998713
12.50  41.00 0.998349
12.50  43.00 0.998014
12.50  45.00 0.997697
12.50  47.00 0.996984
12.50  49.00 0.996865
12.50  51.00 0.995157
12.50  53.00 0.994697
12.50  55.00 0.993285
12.50  57.00 0.991612
12.50  59.00 0.990026
12.50  61.00 0.987692
12.50  63.00 0.983176
12.50  65.00 0.980523
12.50  67.00 0.974223
12.50  69.00 0.965811
12.50  71.00 0.956562
12.50  73.00 0.941506
12.50  75.00 0.920383
12.50  77.00 0.894317
12.50  79.00 0.852425
12.50  81.00 0.799280
12.50  83.00 0.713772
12.50  85.00 0.606652
12.50  87.00 0.442118
12.50  89.00 0.222980
17.50  1.00  1.000000
17.50  3.00  1.000000
17.50  5.00  1.000000
17.50  7.00  1.000000
17.50  9.00  1.000000
17.50  11.00 0.999976
17.50  13.00 0.999960
17.50  15.00 0.999968
17.50  17.00 0.999927
17.50  19.00 0.999910
17.50  21.00 0.999802
17.50  23.00 0.999824
17.50  25.00 0.999770
17.50  27.00 0.999628
17.50  29.00 0.999498
17.50  31.00 0.999362
17.50  33.00 0.999284
17.50  35.00 0.998994
17.50  37.00 0.998998
17.50  39.00 0.998792
17.50  41.00 0.998400
17.50  43.00 0.997741
17.50  45.00 0.997296
17.50  47.00 0.996736
17.50  49.00 0.996340
17.50  51.00 0.995580
17.50  53.00 0.994077
17.50  55.00 0.993325
17.50  57.00 0.992167
17.50  59.00 0.989760
17.50  61.00 0.986793
17.50  63.00 0.984027
17.50  65.00 0.979979
17.50  67.00 0.972316
17.50  69.00 0.965707
17.50  71.00 0.954399
17.50  73.00 0.938668
17.50  75.00 0.919138
17.50  77.00 0.891640
17.50  79.00 0.856129
17.50  81.00 0.795837
17.50  83.00 0.713796
17.50  85.00 0.599909
17.50  87.00 0.440917
17.50  89.00 0.224324
22.50  1.00  1.000000
22.50  3.00  1.000000
22.50  5.00  1.000000
22.50  7.00  1.000000
22.50  9.00  0.999992
22.50  11.00 1.000000
22.50  13.00 0.999992
22.50  15.00 0.999968
22.50  17.00 0.999895
22.50  19.00 0.999902
22.50  21.00 0.999868
22.50  23.00 0.999807
22.50  25.00 0.999600
22.50  27.00 0.999403
22.50  29.00 0.999524
22.50  31.00 0.999317
22.50  33.00 0.999119
22.50  35.00 0.999088
22.50  37.00 0.999036
22.50  39.00 0.998426
22.50  41.00 0.998084
22.50  43.00 0.997636
22.50  45.00 0.997241
22.50  47.00 0.996612
22.50  49.00 0.995479
22.50  51.00 0.995531
22.50  53.00 0.994315
22.50  55.00 0.992477
22.50  57.00 0.991277
22.50  59.00 0.989319
22.50  61.00 0.986343
22.50  63.00 0.982974
22.50  65.00 0.977295
22.50  67.00 0.970771
22.50  69.00 0.963602
22.50  71.00 0.954915
22.50  73.00 0.937634
22.50  75.00 0.920337
22.50  77.00 0.888819
22.50  79.00 0.849734
22.50  81.00 0.796033
22.50  83.00 0.710412
22.50  85.00 0.597527
22.50  87.00 0.437515
22.50  89.00 0.224276
27.50  1.00  1.000000
27.50  3.00  1.000000
27.50  5.00  1.000000
27.50  7.00  0.999992
27.50  9.00  1.000000
27.50  11.00 1.000000
27.50  13.00 0.999976
27.50  15.00 0.999960
27.50  17.00 0.999911
27.50  19.00 0.999837
27.50  21.00 0.999843
27.50  23.00 0.999724
27.50  25.00 0.999728
27.50  27.00 0.999481
27.50  29.00 0.999348
27.50  31.00 0.999227
27.50  33.00 0.999109
27.50  35.00 0.998994
27.50  37.00 0.998555
27.50  39.00 0.998228
27.50  41.00 0.997871
27.50  43.00 0.997583
27.50  45.00 0.996862
27.50  47.00 0.996601
27.50  49.00 0.996223
27.50  51.00 0.994972
27.50  53.00 0.993608
27.50  55.00 0.991802
27.50  57.00 0.990498
27.50  59.00 0.988571
27.50  61.00 0.985539
27.50  63.00 0.982657
27.50  65.00 0.977536
27.50  67.00 0.972521
27.50  69.00 0.963025
27.50  71.00 0.953935
27.50  73.00 0.936862
27.50  75.00 0.919213
27.50  77.00 0.888067
27.50  79.00 0.846091
27.50  81.00 0.794959
27.50  83.00 0.709549
27.50  85.00 0.595122
27.50  87.00 0.437116
27.50  89.00 0.225000
32.50  1.00  1.000000
32.50  3.00  1.000000
32.50  5.00  1.000000
32.50  7.00  1.000000
32.50  9.00  1.000000
32.50  11.00 0.999992
32.50  13.00 0.999976
32.50  15.00 0.999976
32.50  17.00 0.999935
32.50  19.00 0.999853
32.50  21.00 0.999794
32.50  23.00 0.999749
32.50  25.00 0.999711
32.50  27.00 0.999628
32.50  29.00 0.999471
32.50  31.00 0.999281
32.50  33.00 0.999073
32.50  35.00 0.998853
32.50  37.00 0.998497
32.50  39.00 0.998357
32.50  41.00 0.997799
32.50  43.00 0.997216
32.50  45.00 0.996872
32.50  47.00 0.996196
32.50  49.00 0.995675
32.50  51.00 0.994402
32.50  53.00 0.993744
32.50  55.00 0.992025
32.50  57.00 0.989997
32.50  59.00 0.988568
32.50  61.00 0.985516
32.50  63.00 0.981704
32.50  65.00 0.977362
32.50  67.00 0.971144
32.50  69.00 0.963685
32.50  71.00 0.952843
32.50  73.00 0.939339
32.50  75.00 0.915937
32.50  77.00 0.885749
32.50  79.00 0.844661
32.50  81.00 0.792501
32.50  83.00 0.706937
32.50  85.00 0.591078
32.50  87.00 0.435278
32.50  89.00 0.225967
37.50  1.00  1.000000
37.50  3.00  1.000000
37.50  5.00  1.000000
37.50  7.00  1.000000
37.50  9.00  1.000000
37.50  11.00 0.999976
37.50  13.00 0.999976
37.50  15.00 0.999960
37.50  17.00 0.999855
37.50  19.00 0.999853
37.50  21.00 0.999769
37.50  23.00 0.999665
37.50  25.00 0.999583
37.50  27.00 0.999524
37.50  29.00 0.999392
37.50  31.00 0.999191
37.50  33.00 0.999036
37.50  35.00 0.998919
37.50  37.00 0.998285
37.50  39.00 0.998297
37.50  41.00 0.997993
37.50  43.00 0.997174
37.50  45.00 0.996915
37.50  47.00 0.995849
37.50  49.00 0.995256
37.50  51.00 0.994438
37.50  53.00 0.993415
37.50  55.00 0.992115
37.50  57.00 0.990370
37.50  59.00 0.987734
37.50  61.00 0.984529
37.50  63.00 0.981410
37.50  65.00 0.975881
37.50  67.00 0.971002
37.50  69.00 0.963551
37.50  71.00 0.951397
37.50  73.00 0.939104
37.50  75.00 0.917140
37.50  77.00 0.885319
37.50  79.00 0.843817
37.50  81.00 0.788090
37.50  83.00 0.707457
37.50  85.00 0.593110
37.50  87.00 0.436061
37.50  89.00 0.226760
42.50  1.00  1.000000
42.50  3.00  1.000000
42.50  5.00  1.000000
42.50  7.00  0.999992
42.50  9.00  1.000000
42.50  11.00 0.999984
42.50  13.00 0.999945
42.50  15.00 0.999976
42.50  17.00 0.999903
42.50  19.00 0.999870
42.50  21.00 0.999769
42.50  23.00 0.999648
42.50  25.00 0.999481
42.50  27.00 0.999498
42.50  29.00 0.999330
42.50  31.00 0.999119
42.50  33.00 0.998999
42.50  35.00 0.998759
42.50  37.00 0.998487
42.50  39.00 0.998040
42.50  41.00 0.997819
42.50  43.00 0.997131
42.50  45.00 0.996687
42.50  47.00 0.995668
42.50  49.00 0.994952
42.50  51.00 0.994122
42.50  53.00 0.992933
42.50  55.00 0.991703
42.50  57.00 0.989201
42.50  59.00 0.987499
42.50  61.00 0.984677
42.50  63.00 0.979854
42.50  65.00 0.976550
42.50  67.00 0.968712
42.50  69.00 0.961296
42.50  71.00 0.949622
42.50  73.00 0.934706
42.50  75.00 0.914909
42.50  77.00 0.884554
42.50  79.00 0.842169
42.50  81.00 0.784573
42.50  83.00 0.708596
42.50  85.00 0.589360
42.50  87.00 0.435867
42.50  89.00 0.225769
47.50  1.00  1.000000
47.50  3.00  1.000000
47.50  5.00  1.000000
47.50  7.00  1.000000
47.50  9.00  0.999992
47.50  11.00 0.999953
47.50  13.00 0.999960
47.50  15.00 0.999936
47.50  17.00 0.999887
47.50  19.00 0.999886
47.50  21.00 0.999769
47.50  23.00 0.999665
47.50  25.00 0.999498
47.50  27.00 0.999464
47.50  29.00 0.999189
47.50  31.00 0.999110
47.50  33.00 0.998889
47.50  35.00 0.998421
47.50  37.00 0.998063
47.50  39.00 0.997872
47.50  41.00 0.997555
47.50  43.00 0.997037
47.50  45.00 0.996622
47.50  47.00 0.995578
47.50  49.00 0.994822
47.50  51.00 0.993722
47.50  53.00 0.992844
47.50  55.00 0.991094
47.50  57.00 0.988686
47.50  59.00 0.987567
47.50  61.00 0.984516
47.50  63.00 0.981164
47.50  65.00 0.975746
47.50  67.00 0.970352
47.50  69.00 0.963619
47.50  71.00 0.949983
47.50  73.00 0.934666
47.50  75.00 0.915735
47.50  77.00 0.887904
47.50  79.00 0.843323
47.50  81.00 0.784384
47.50  83.00 0.705466
47.50  85.00 0.592387
47.50  87.00 0.437732
47.50  89.00 0.225795
52.50  1.00  1.000000
52.50  3.00  1.000000
52.50  5.00  1.000000
52.50  7.00  1.000000
52.50  9.00  1.000000
52.50  11.00 0.999992
52.50  13.00 0.999968
52.50  15.00 0.999928
52.50  17.00 0.999903
52.50  19.00 0.999796
52.50  21.00 0.999760
52.50  23.00 0.999740
52.50  25.00 0.999532
52.50  27.00 0.999489
52.50  29.00 0.999225
52.50  31.00 0.999002
52.50  33.00 0.998907
52.50  35.00 0.998656
52.50  37.00 0.998169
52.50  39.00 0.998020
52.50  41.00 0.997585
52.50  43.00 0.997005
52.50  45.00 0.996469
52.50  47.00 0.995992
52.50  49.00 0.995008
52.50  51.00 0.993877
52.50  53.00 0.992766
52.50  55.00 0.991211
52.50  57.00 0.989778
52.50  59.00 0.987505
52.50  61.00 0.985084
52.50  63.00 0.980377
52.50  65.00 0.975134
52.50  67.00 0.970401
52.50  69.00 0.959462
52.50  71.00 0.948870
52.50  73.00 0.933186
52.50  75.00 0.914832
52.50  77.00 0.883742
52.50  79.00 0.843209
52.50  81.00 0.785832
52.50  83.00 0.707682
52.50  85.00 0.591024
52.50  87.00 0.432906
52.50  89.00 0.225019
57.50  1.00  1.000000
57.50  3.00  1.000000
57.50  5.00  1.000000
57.50  7.00  1.000000
57.50  9.00  1.000000
57.50  11.00 0.999969
57.50  13.00 0.999960
57.50  15.00 0.999920
57.50  17.00 0.999919
57.50  19.00 0.999829
57.50  21.00 0.999736
57.50  23.00 0.999648
57.50  25.00 0.999524
57.50  27.00 0.999342
57.50  29.00 0.999242
57.50  31.00 0.999047
57.50  33.00 0.998907
57.50  35.00 0.998242
57.50  37.00 0.998130
57.50  39.00 0.997832
57.50  41.00 0.997076
57.50  43.00 0.996596
57.50  45.00 0.996317
57.50  47.00 0.995341
57.50  49.00 0.994564
57.50  51.00 0.993778
57.50  53.00 0.992424
57.50  55.00 0.990484
57.50  57.00 0.988820
57.50  59.00 0.986654
57.50  61.00 0.984108
57.50  63.00 0.979179
57.50  65.00 0.975987
57.50  67.00 0.969957
57.50  69.00 0.960993
57.50  71.00 0.951622
57.50  73.00 0.935597
57.50  75.00 0.914839
57.50  77.00 0.886929
57.50  79.00 0.842420
57.50  81.00 0.787023
57.50  83.00 0.708018
57.50  85.00 0.593644
57.50  87.00 0.434578
57.50  89.00 0.222916
62.50  1.00  1.000000
62.50  3.00  1.000000
62.50  5.00  1.000000
62.50  7.00  1.000000
62.50  9.00  1.000000
62.50  11.00 0.999984
62.50  13.00 0.999952
62.50  15.00 0.999928
62.50  17.00 0.999895
62.50  19.00 0.999706
62.50  21.00 0.999793
62.50  23.00 0.999648
62.50  25.00 0.999490
62.50  27.00 0.999273
62.50  29.00 0.999251
62.50  31.00 0.999047
62.50  33.00 0.998686
62.50  35.00 0.998449
62.50  37.00 0.998072
62.50  39.00 0.997723
62.50  41.00 0.997472
62.50  43.00 0.997077
62.50  45.00 0.995959
62.50  47.00 0.995463
62.50  49.00 0.993843
62.50  51.00 0.993039
62.50  53.00 0.992473
62.50  55.00 0.991165
62.50  57.00 0.989174
62.50  59.00 0.986516
62.50  61.00 0.983350
62.50  63.00 0.981842
62.50  65.00 0.976752
62.50  67.00 0.968587
62.50  69.00 0.962369
62.50  71.00 0.947621
62.50  73.00 0.936462
62.50  75.00 0.914935
62.50  77.00 0.884405
62.50  79.00 0.844057
62.50  81.00 0.781882
62.50  83.00 0.702023
62.50  85.00 0.591162
62.50  87.00 0.434842
62.50  89.00 0.223015
67.50  1.00  1.000000
67.50  3.00  1.000000
67.50  5.00  1.000000
67.50  7.00  1.000000
67.50  9.00  0.999992
67.50  11.00 0.999992
67.50  13.00 0.999968
67.50  15.00 0.999928
67.50  17.00 0.999895
67.50  19.00 0.999812
67.50  21.00 0.999661
67.50  23.00 0.999573
67.50  25.00 0.999396
67.50  27.00 0.999213
67.50  29.00 0.999092
67.50  31.00 0.998822
67.50  33.00 0.998686
67.50  35.00 0.998392
67.50  37.00 0.998110
67.50  39.00 0.997425
67.50  41.00 0.997085
67.50  43.00 0.996384
67.50  45.00 0.996175
67.50  47.00 0.995171
67.50  49.00 0.994050
67.50  51.00 0.993462
67.50  53.00 0.991977
67.50  55.00 0.990360
67.50  57.00 0.989338
67.50  59.00 0.986629
67.50  61.00 0.982557
67.50  63.00 0.980812
67.50  65.00 0.975458
67.50  67.00 0.969869
67.50  69.00 0.961456
67.50  71.00 0.954060
67.50  73.00 0.936342
67.50  75.00 0.917076
67.50  77.00 0.888029
67.50  79.00 0.843841
67.50  81.00 0.789407
67.50  83.00 0.707574
67.50  85.00 0.589469
67.50  87.00 0.429821
67.50  89.00 0.221605
72.50  1.00  1.000000
72.50  3.00  1.000000
72.50  5.00  1.000000
72.50  7.00  1.000000
72.50  9.00  0.999992
72.50  11.00 0.999961
72.50  13.00 0.999968
72.50  15.00 0.999904
72.50  17.00 0.999855
72.50  19.00 0.999780
72.50  21.00 0.999727
72.50  23.00 0.999522
72.50  25.00 0.999413
72.50  27.00 0.999083
72.50  29.00 0.999039
72.50  31.00 0.999056
72.50  33.00 0.998815
72.50  35.00 0.998392
72.50  37.00 0.997994
72.50  39.00 0.997534
72.50  41.00 0.996912
72.50  43.00 0.996446
72.50  45.00 0.995925
72.50  47.00 0.995270
72.50  49.00 0.994538
72.50  51.00 0.992975
72.50  53.00 0.992341
72.50  55.00 0.990115
72.50  57.00 0.988599
72.50  59.00 0.987150
72.50  61.00 0.984211
72.50  63.00 0.980294
72.50  65.00 0.974877
72.50  67.00 0.969035
72.50  69.00 0.959321
72.50  71.00 0.949049
72.50  73.00 0.936583
72.50  75.00 0.917124
72.50  77.00 0.884958
72.50  79.00 0.845745
72.50  81.00 0.788212
72.50  83.00 0.707777
72.50  85.00 0.599452
72.50  87.00 0.434376
72.50  89.00 0.220560
77.50  1.00  1.000000
77.50  3.00  1.000000
77.50  5.00  1.000000
77.50  7.00  1.000000
77.50  9.00  1.000000
77.50  11.00 0.999976
77.50  13.00 0.999937
77.50  15.00 0.999912
77.50  17.00 0.999903
77.50  19.00 0.999763
77.50  21.00 0.999669
77.50  23.00 0.999598
77.50  25.00 0.999319
77.50  27.00 0.999212
77.50  29.00 0.999224
77.50  31.00 0.998903
77.50  33.00 0.998511
77.50  35.00 0.998316
77.50  37.00 0.998004
77.50  39.00 0.997405
77.50  41.00 0.997053
77.50  43.00 0.996698
77.50  45.00 0.995783
77.50  47.00 0.995237
77.50  49.00 0.994153
77.50  51.00 0.993252
77.50  53.00 0.992365
77.50  55.00 0.990683
77.50  57.00 0.988985
77.50  59.00 0.986754
77.50  61.00 0.983742
77.50  63.00 0.980320
77.50  65.00 0.976348
77.50  67.00 0.969028
77.50  69.00 0.962869
77.50  71.00 0.950928
77.50  73.00 0.937461
77.50  75.00 0.915867
77.50  77.00 0.887315
77.50  79.00 0.845220
77.50  81.00 0.792431
77.50  83.00 0.707383
77.50  85.00 0.595174
77.50  87.00 0.433861
77.50  89.00 0.218804
82.50  1.00  1.000000
82.50  3.00  1.000000
82.50  5.00  1.000000
82.50  7.00  1.000000
82.50  9.00  1.000000
82.50  11.00 0.999984
82.50  13.00 0.999937
82.50  15.00 0.999936
82.50  17.00 0.999822
82.50  19.00 0.999829
82.50  21.00 0.999678
82.50  23.00 0.999506
82.50  25.00 0.999404
82.50  27.00 0.999290
82.50  29.00 0.998933
82.50  31.00 0.998750
82.50  33.00 0.998621
82.50  35.00 0.998194
82.50  37.00 0.997955
82.50  39.00 0.997582
82.50  41.00 0.996890
82.50  43.00 0.996718
82.50  45.00 0.995847
82.50  47.00 0.995011
82.50  49.00 0.994523
82.50  51.00 0.993578
82.50  53.00 0.992197
82.50  55.00 0.990957
82.50  57.00 0.988926
82.50  59.00 0.987695
82.50  61.00 0.984153
82.50  63.00 0.980815
82.50  65.00 0.975965
82.50  67.00 0.970659
82.50  69.00 0.960891
82.50  71.00 0.951619
82.50  73.00 0.937344
82.50  75.00 0.916541
82.50  77.00 0.888067
82.50  79.00 0.854378
82.50  81.00 0.792253
82.50  83.00 0.714363
82.50  85.00 0.595919
82.50  87.00 0.432796
82.50  89.00 0.214312
87.50  1.00  1.000000
87.50  3.00  1.000000
87.50  5.00  1.000000
87.50  7.00  1.000000
87.50  9.00  1.000000
87.50  11.00 0.999953
87.50  13.00 0.999976
87.50  15.00 0.999928
87.50  17.00 0.999871
87.50  19.00 0.999796
87.50  21.00 0.999735
87.50  23.00 0.999573
87.50  25.00 0.999566
87.50  27.00 0.999316
87.50  29.00 0.999083
87.50  31.00 0.999047
87.50  33.00 0.998419
87.50  35.00 0.998372
87.50  37.00 0.998244
87.50  39.00 0.997532
87.50  41.00 0.996930
87.50  43.00 0.996570
87.50  45.00 0.996117
87.50  47.00 0.995592
87.50  49.00 0.994592
87.50  51.00 0.993625
87.50  53.00 0.991969
87.50  55.00 0.991150
87.50  57.00 0.989197
87.50  59.00 0.986700
87.50  61.00 0.983811
87.50  63.00 0.980079
87.50  65.00 0.975744
87.50  67.00 0.969785
87.50  69.00 0.962660
87.50  71.00 0.952596
87.50  73.00 0.938194
87.50  75.00 0.916984
87.50  77.00 0.888723
87.50  79.00 0.853907
87.50  81.00 0.795392
87.50  83.00 0.712343
87.50  85.00 0.598055
87.50  87.00 0.431213
87.50  89.00 0.207429
92.50  1.00  1.000000
92.50  3.00  1.000000
92.50  5.00  1.000000
92.50  7.00  1.000000
92.50  9.00  1.000000
92.50  11.00 0.999976
92.50  13.00 0.999937
92.50  15.00 0.999920
92.50  17.00 0.999847
92.50  19.00 0.999788
92.50  21.00 0.999735
92.50  23.00 0.999606
92.50  25.00 0.999472
92.50  27.00 0.999376
92.50  29.00 0.999153
92.50  31.00 0.998812
92.50  33.00 0.998731
92.50  35.00 0.998438
92.50  37.00 0.998340
92.50  39.00 0.997700
92.50  41.00 0.997214
92.50  43.00 0.997010
92.50  45.00 0.996149
92.50  47.00 0.995030
92.50  49.00 0.994871
92.50  51.00 0.993609
92.50  53.00 0.992155
92.50  55.00 0.991269
92.50  57.00 0.989268
92.50  59.00 0.987467
92.50  61.00 0.984915
92.50  63.00 0.981163
92.50  65.00 0.976516
92.50  67.00 0.970788
92.50  69.00 0.963378
92.50  71.00 0.952120
92.50  73.00 0.938013
92.50  75.00 0.919516
92.50  77.00 0.889942
92.50  79.00 0.850733
92.50  81.00 0.795501
92.50  83.00 0.715019
92.50  85.00 0.599133
92.50  87.00 0.438969
92.50  89.00 0.206822
97.50  1.00  1.000000
97.50  3.00  1.000000
97.50  5.00  1.000000
97.50  7.00  1.000000
97.50  9.00  0.999992
97.50  11.00 0.999984
97.50  13.00 0.999992
97.50  15.00 0.999960
97.50  17.00 0.999911
97.50  19.00 0.999837
97.50  21.00 0.999768
97.50  23.00 0.999531
97.50  25.00 0.999532
97.50  27.00 0.999264
97.50  29.00 0.999197
97.50  31.00 0.998866
97.50  33.00 0.998639
97.50  35.00 0.998268
97.50  37.00 0.997964
97.50  39.00 0.997453
97.50  41.00 0.997306
97.50  43.00 0.996716
97.50  45.00 0.996365
97.50  47.00 0.995614
97.50  49.00 0.995195
97.50  51.00 0.993621
97.50  53.00 0.991508
97.50  55.00 0.991082
97.50  57.00 0.989830
97.50  59.00 0.986836
97.50  61.00 0.984539
97.50  63.00 0.980598
97.50  65.00 0.975729
97.50  67.00 0.970473
97.50  69.00 0.964428
97.50  71.00 0.954409
97.50  73.00 0.937331
97.50  75.00 0.921188
97.50  77.00 0.890857
97.50  79.00 0.857148
97.50  81.00 0.794727
97.50  83.00 0.714956
97.50  85.00 0.596053
97.50  87.00 0.435308
97.50  89.00 0.211191
102.50 1.00  1.000000
102.50 3.00  1.000000
102.50 5.00  1.000000
102.50 7.00  1.000000
102.50 9.00  1.000000
102.50 11.00 0.999992
102.50 13.00 0.999968
102.50 15.00 0.999944
102.50 17.00 0.999943
102.50 19.00 0.999837
102.50 21.00 0.999777
102.50 23.00 0.999656
102.50 25.00 0.999498
102.50 27.00 0.999350
102.50 29.00 0.999197
102.50 31.00 0.999046
102.50 33.00 0.998777
102.50 35.00 0.998381
102.50 37.00 0.998301
102.50 39.00 0.997769
102.50 41.00 0.997346
102.50 43.00 0.996936
102.50 45.00 0.996191
102.50 47.00 0.995781
102.50 49.00 0.994752
102.50 51.00 0.994092
102.50 53.00 0.992947
102.50 55.00 0.991302
102.50 57.00 0.989759
102.50 59.00 0.987739
102.50 61.00 0.985234
102.50 63.00 0.982179
102.50 65.00 0.977055
102.50 67.00 0.972205
102.50 69.00 0.963362
102.50 71.00 0.954661
102.50 73.00 0.939695
102.50 75.00 0.919380
102.50 77.00 0.891096
102.50 79.00 0.851573
102.50 81.00 0.796681
102.50 83.00 0.719312
102.50 85.00 0.597535
102.50 87.00 0.435499
102.50 89.00 0.212808
107.50 1.00  1.000000
107.50 3.00  1.000000
107.50 5.00  1.000000
107.50 7.00  1.000000
107.50 9.00  0.999984
107.50 11.00 0.999992
107.50 13.00 0.999992
107.50 15.00 0.999936
107.50 17.00 0.999895
107.50 19.00 0.999771
107.50 21.00 0.999785
107.50 23.00 0.999732
107.50 25.00 0.999591
107.50 27.00 0.999472
107.50 29.00 0.999206
107.50 31.00 0.999019
107.50 33.00 0.998896
107.50 35.00 0.998597
107.50 37.00 0.998436
107.50 39.00 0.997778
107.50 41.00 0.997468
107.50 43.00 0.996956
107.50 45.00 0.996417
107.50 47.00 0.995903
107.50 49.00 0.994820
107.50 51.00 0.993872
107.50 53.00 0.992428
107.50 55.00 0.991606
107.50 57.00 0.989739
107.50 59.00 0.987806
107.50 61.00 0.985008
107.50 63.00 0.982189
107.50 65.00 0.977854
107.50 67.00 0.970919
107.50 69.00 0.963502
107.50 71.00 0.952976
107.50 73.00 0.941360
107.50 75.00 0.922150
107.50 77.00 0.894157
107.50 79.00 0.856755
107.50 81.00 0.796898
107.50 83.00 0.714395
107.50 85.00 0.600389
107.50 87.00 0.438638
107.50 89.00 0.216923
112.50 1.00  1.000000
112.50 3.00  1.000000
112.50 5.00  1.000000
112.50 7.00  1.000000
112.50 9.00  1.000000
112.50 11.00 1.000000
112.50 13.00 0.999984
112.50 15.00 0.999944
112.50 17.00 0.999887
112.50 19.00 0.999878
112.50 21.00 0.999802
112.50 23.00 0.999740
112.50 25.00 0.999642
112.50 27.00 0.999549
112.50 29.00 0.999338
112.50 31.00 0.999001
112.50 33.00 0.998979
112.50 35.00 0.998700
112.50 37.00 0.998512
112.50 39.00 0.997946
112.50 41.00 0.997620
112.50 43.00 0.996850
112.50 45.00 0.996439
112.50 47.00 0.995858
112.50 49.00 0.995099
112.50 51.00 0.993894
112.50 53.00 0.992805
112.50 55.00 0.991300
112.50 57.00 0.989976
112.50 59.00 0.987877
112.50 61.00 0.985408
112.50 63.00 0.981499
112.50 65.00 0.977354
112.50 67.00 0.972351
112.50 69.00 0.965558
112.50 71.00 0.953892
112.50 73.00 0.939460
112.50 75.00 0.920611
112.50 77.00 0.892936
112.50 79.00 0.855396
112.50 81.00 0.800752
112.50 83.00 0.713383
112.50 85.00 0.602312
112.50 87.00 0.439427
112.50 89.00 0.218118
117.50 1.00  1.000000
117.50 3.00  1.000000
117.50 5.00  1.000000
117.50 7.00  1.000000
117.50 9.00  1.000000
117.50 11.00 1.000000
117.50 13.00 0.999976
117.50 15.00 0.999968
117.50 17.00 0.999968
117.50 19.00 0.999918
117.50 21.00 0.999793
117.50 23.00 0.999673
117.50 25.00 0.999515
117.50 27.00 0.999411
117.50 29.00 0.999303
117.50 31.00 0.998956
117.50 33.00 0.998878
117.50 35.00 0.998578
117.50 37.00 0.998435
117.50 39.00 0.997639
117.50 41.00 0.997406
117.50 43.00 0.997134
117.50 45.00 0.996275
117.50 47.00 0.995858
117.50 49.00 0.994981
117.50 51.00 0.993907
117.50 53.00 0.992842
117.50 55.00 0.991309
117.50 57.00 0.990043
117.50 59.00 0.988110
117.50 61.00 0.985805
117.50 63.00 0.980897
117.50 65.00 0.977176
117.50 67.00 0.972012
117.50 69.00 0.966128
117.50 71.00 0.954133
117.50 73.00 0.941895
117.50 75.00 0.920672
117.50 77.00 0.893018
117.50 79.00 0.853475
117.50 81.00 0.796073
117.50 83.00 0.716835
117.50 85.00 0.600810
117.50 87.00 0.437608
117.50 89.00 0.218928
122.50 1.00  1.000000
122.50 3.00  1.000000
122.50 5.00  1.000000
122.50 7.00  1.000000
122.50 9.00  1.000000
122.50 11.00 0.999992
122.50 13.00 0.999992
122.50 15.00 0.999960
122.50 17.00 0.999919
122.50 19.00 0.999853
122.50 21.00 0.999785
122.50 23.00 0.999732
122.50 25.00 0.999634
122.50 27.00 0.999523
122.50 29.00 0.999294
122.50 31.00 0.999090
122.50 33.00 0.999061
122.50 35.00 0.998634
122.50 37.00 0.998339
122.50 39.00 0.997876
122.50 41.00 0.997721
122.50 43.00 0.997112
122.50 45.00 0.996221
122.50 47.00 0.995699
122.50 49.00 0.994770
122.50 51.00 0.994500
122.50 53.00 0.993170
122.50 55.00 0.992012
122.50 57.00 0.989804
122.50 59.00 0.987798
122.50 61.00 0.985908
122.50 63.00 0.982172
122.50 65.00 0.976920
122.50 67.00 0.971486
122.50 69.00 0.965315
122.50 71.00 0.954353
122.50 73.00 0.941562
122.50 75.00 0.923047
122.50 77.00 0.892720
122.50 79.00 0.855200
122.50 81.00 0.796528
122.50 83.00 0.718791
122.50 85.00 0.600179
122.50 87.00 0.438121
122.50 89.00 0.223863
127.50 1.00  1.000000
127.50 3.00  1.000000
127.50 5.00  1.000000
127.50 7.00  1.000000
127.50 9.00  1.000000
127.50 11.00 0.999992
127.50 13.00 1.000000
127.50 15.00 0.999984
127.50 17.00 0.999927
127.50 19.00 0.999902
127.50 21.00 0.999785
127.50 23.00 0.999799
127.50 25.00 0.999736
127.50 27.00 0.999549
127.50 29.00 0.999329
127.50 31.00 0.999072
127.50 33.00 0.998850
127.50 35.00 0.998982
127.50 37.00 0.998097
127.50 39.00 0.997935
127.50 41.00 0.997640
127.50 43.00 0.997196
127.50 45.00 0.996567
127.50 47.00 0.995867
127.50 49.00 0.994886
127.50 51.00 0.994170
127.50 53.00 0.992674
127.50 55.00 0.991532
127.50 57.00 0.990400
127.50 59.00 0.988718
127.50 61.00 0.985160
127.50 63.00 0.982387
127.50 65.00 0.978557
127.50 67.00 0.972242
127.50 69.00 0.965287
127.50 71.00 0.956147
127.50 73.00 0.940950
127.50 75.00 0.921951
127.50 77.00 0.889694
127.50 79.00 0.853097
127.50 81.00 0.794055
127.50 83.00 0.717509
127.50 85.00 0.599210
127.50 87.00 0.438507
127.50 89.00 0.226145
132.50 1.00  1.000000
132.50 3.00  1.000000
132.50 5.00  1.000000
132.50 7.00  1.000000
132.50 9.00  1.000000
132.50 11.00 0.999992
132.50 13.00 1.000000
132.50 15.00 0.999960
132.50 17.00 0.999943
132.50 19.00 0.999902
132.50 21.00 0.999868
132.50 23.00 0.999748
132.50 25.00 0.999719
132.50 27.00 0.999575
132.50 29.00 0.999514
132.50 31.00 0.999153
132.50 33.00 0.998749
132.50 35.00 0.998672
132.50 37.00 0.998290
132.50 39.00 0.998044
132.50 41.00 0.997487
132.50 43.00 0.997206
132.50 45.00 0.996708
132.50 47.00 0.995967
132.50 49.00 0.995084
132.50 51.00 0.994133
132.50 53.00 0.992799
132.50 55.00 0.991955
132.50 57.00 0.989731
132.50 59.00 0.988144
132.50 61.00 0.985620
132.50 63.00 0.982949
132.50 65.00 0.977219
132.50 67.00 0.972147
132.50 69.00 0.966630
132.50 71.00 0.955299
132.50 73.00 0.940903
132.50 75.00 0.921989
132.50 77.00 0.892700
132.50 79.00 0.855113
132.50 81.00 0.796504
132.50 83.00 0.712959
132.50 85.00 0.600612
132.50 87.00 0.439002
132.50 89.00 0.226146
137.50 1.00  1.000000
137.50 3.00  1.000000
137.50 5.00  1.000000
137.50 7.00  1.000000
137.50 9.00  0.999992
137.50 11.00 1.000000
137.50 13.00 1.000000
137.50 15.00 0.999968
137.50 17.00 0.999935
137.50 19.00 0.999910
137.50 21.00 0.999768
137.50 23.00 0.999815
137.50 25.00 0.999634
137.50 27.00 0.999575
137.50 29.00 0.999294
137.50 31.00 0.999225
137.50 33.00 0.998978
137.50 35.00 0.998746
137.50 37.00 0.998541
137.50 39.00 0.997945
137.50 41.00 0.997660
137.50 43.00 0.997038
137.50 45.00 0.996555
137.50 47.00 0.995742
137.50 49.00 0.995223
137.50 51.00 0.994144
137.50 53.00 0.993343
137.50 55.00 0.992128
137.50 57.00 0.989562
137.50 59.00 0.987937
137.50 61.00 0.985541
137.50 63.00 0.982329
137.50 65.00 0.978037
137.50 67.00 0.972219
137.50 69.00 0.964142
137.50 71.00 0.956491
137.50 73.00 0.941404
137.50 75.00 0.920191
137.50 77.00 0.891318
137.50 79.00 0.852786
137.50 81.00 0.794137
137.50 83.00 0.717489
137.50 85.00 0.600021
137.50 87.00 0.440826
137.50 89.00 0.222883
142.50 1.00  1.000000
142.50 3.00  1.000000
142.50 5.00  1.000000
142.50 7.00  1.000000
142.50 9.00  1.000000
142.50 11.00 1.000000
142.50 13.00 1.000000
142.50 15.00 0.999984
142.50 17.00 0.999968
142.50 19.00 0.999853
142.50 21.00 0.999835
142.50 23.00 0.999706
142.50 25.00 0.999702
142.50 27.00 0.999549
142.50 29.00 0.999347
142.50 31.00 0.999099
142.50 33.00 0.999052
142.50 35.00 0.998756
142.50 37.00 0.998483
142.50 39.00 0.997826
142.50 41.00 0.997659
142.50 43.00 0.996859
142.50 45.00 0.996610
142.50 47.00 0.996125
142.50 49.00 0.995047
142.50 51.00 0.994206
142.50 53.00 0.992696
142.50 55.00 0.991342
142.50 57.00 0.989936
142.50 59.00 0.987156
142.50 61.00 0.985743
142.50 63.00 0.981714
142.50 65.00 0.976844
142.50 67.00 0.971272
142.50 69.00 0.964742
142.50 71.00 0.952504
142.50 73.00 0.939231
142.50 75.00 0.920409
142.50 77.00 0.892778
142.50 79.00 0.853223
142.50 81.00 0.794285
142.50 83.00 0.711247
142.50 85.00 0.598650
142.50 87.00 0.438236
142.50 89.00 0.223553
147.50 1.00  1.000000
147.50 3.00  1.000000
147.50 5.00  1.000000
147.50 7.00  1.000000
147.50 9.00  0.999992
147.50 11.00 0.999992
147.50 13.00 0.999992
147.50 15.00 0.999952
147.50 17.00 0.999952
147.50 19.00 0.999910
147.50 21.00 0.999843
147.50 23.00 0.999723
147.50 25.00 0.999582
147.50 27.00 0.999575
147.50 29.00 0.999408
147.50 31.00 0.999162
147.50 33.00 0.998941
147.50 35.00 0.998709
147.50 37.00 0.998367
147.50 39.00 0.997816
147.50 41.00 0.997649
147.50 43.00 0.997079
147.50 45.00 0.996197
147.50 47.00 0.995629
147.50 49.00 0.994977
147.50 51.00 0.994107
147.50 53.00 0.992683
147.50 55.00 0.990969
147.50 57.00 0.989504
147.50 59.00 0.987626
147.50 61.00 0.985428
147.50 63.00 0.980985
147.50 65.00 0.976718
147.50 67.00 0.971636
147.50 69.00 0.963573
147.50 71.00 0.951693
147.50 73.00 0.938844
147.50 75.00 0.919522
147.50 77.00 0.890833
147.50 79.00 0.848675
147.50 81.00 0.791963
147.50 83.00 0.708984
147.50 85.00 0.593251
147.50 87.00 0.435899
147.50 89.00 0.222549
152.50 1.00  1.000000
152.50 3.00  1.000000
152.50 5.00  1.000000
152.50 7.00  1.000000
152.50 9.00  1.000000
152.50 11.00 1.000000
152.50 13.00 0.999976
152.50 15.00 0.999968
152.50 17.00 0.999895
152.50 19.00 0.999812
152.50 21.00 0.999826
152.50 23.00 0.999698
152.50 25.00 0.999429
152.50 27.00 0.999350
152.50 29.00 0.999223
152.50 31.00 0.999045
152.50 33.00 0.998960
152.50 35.00 0.998718
152.50 37.00 0.998241
152.50 39.00 0.997697
152.50 41.00 0.997211
152.50 43.00 0.996963
152.50 45.00 0.996652
152.50 47.00 0.995741
152.50 49.00 0.994510
152.50 51.00 0.993948
152.50 53.00 0.992377
152.50 55.00 0.990491
152.50 57.00 0.989824
152.50 59.00 0.987463
152.50 61.00 0.984095
152.50 63.00 0.981017
152.50 65.00 0.975668
152.50 67.00 0.970172
152.50 69.00 0.962176
152.50 71.00 0.950549
152.50 73.00 0.936040
152.50 75.00 0.917949
152.50 77.00 0.888906
152.50 79.00 0.849697
152.50 81.00 0.794809
152.50 83.00 0.713513
152.50 85.00 0.595252
152.50 87.00 0.433593
152.50 89.00 0.222198
157.50 1.00  1.000000
157.50 3.00  1.000000
157.50 5.00  1.000000
157.50 7.00  1.000000
157.50 9.00  1.000000
157.50 11.00 0.999992
157.50 13.00 0.999984
157.50 15.00 0.999968
157.50 17.00 0.999887
157.50 19.00 0.999820
157.50 21.00 0.999752
157.50 23.00 0.999748
157.50 25.00 0.999548
157.50 27.00 0.999402
157.50 29.00 0.999197
157.50 31.00 0.999144
157.50 33.00 0.998748
157.50 35.00 0.998474
157.50 37.00 0.998164
157.50 39.00 0.997816
157.50 41.00 0.997230
157.50 43.00 0.996763
157.50 45.00 0.996327
157.50 47.00 0.995246
157.50 49.00 0.994579
157.50 51.00 0.993487
157.50 53.00 0.992162
157.50 55.00 0.991235
157.50 57.00 0.989210
157.50 59.00 0.987360
157.50 61.00 0.983385
157.50 63.00 0.980716
157.50 65.00 0.976295
157.50 67.00 0.970352
157.50 69.00 0.960376
157.50 71.00 0.953350
157.50 73.00 0.935744
157.50 75.00 0.914935
157.50 77.00 0.889559
157.50 79.00 0.844911
157.50 81.00 0.793791
157.50 83.00 0.710928
157.50 85.00 0.592142
157.50 87.00 0.432802
157.50 89.00 0.215926
162.50 1.00  1.000000
162.50 3.00  1.000000
162.50 5.00  1.000000
162.50 7.00  1.000000
162.50 9.00  1.000000
162.50 11.00 1.000000
162.50 13.00 0.999992
162.50 15.00 0.999944
162.50 17.00 0.999863
162.50 19.00 0.999878
162.50 21.00 0.999735
162.50 23.00 0.999698
162.50 25.00 0.999472
162.50 27.00 0.999315
162.50 29.00 0.999170
162.50 31.00 0.998991
162.50 33.00 0.998822
162.50 35.00 0.998379
162.50 37.00 0.997942
162.50 39.00 0.997855
162.50 41.00 0.997394
162.50 43.00 0.996753
162.50 45.00 0.996044
162.50 47.00 0.995494
162.50 49.00 0.994743
162.50 51.00 0.993729
162.50 53.00 0.992301
162.50 55.00 0.990399
162.50 57.00 0.989318
162.50 59.00 0.986274
162.50 61.00 0.984028
162.50 63.00 0.979677
162.50 65.00 0.976190
162.50 67.00 0.969166
162.50 69.00 0.961139
162.50 71.00 0.949978
162.50 73.00 0.936789
162.50 75.00 0.916557
162.50 77.00 0.885565
162.50 79.00 0.844573
162.50 81.00 0.791261
162.50 83.00 0.713059
162.50 85.00 0.590444
162.50 87.00 0.428983
162.50 89.00 0.213703
167.50 1.00  1.000000
167.50 3.00  1.000000
167.50 5.00  1.000000
167.50 7.00  1.000000
167.50 9.00  1.000000
167.50 11.00 0.999984
167.50 13.00 0.999968
167.50 15.00 0.999960
167.50 17.00 0.999863
167.50 19.00 0.999796
167.50 21.00 0.999694
167.50 23.00 0.999631
167.50 25.00 0.999404
167.50 27.00 0.999263
167.50 29.00 0.999188
167.50 31.00 0.999027
167.50 33.00 0.998840
167.50 35.00 0.998295
167.50 37.00 0.998048
167.50 39.00 0.997975
167.50 41.00 0.997322
167.50 43.00 0.996753
167.50 45.00 0.995892
167.50 47.00 0.995347
167.50 49.00 0.994358
167.50 51.00 0.992977
167.50 53.00 0.992403
167.50 55.00 0.990106
167.50 57.00 0.988540
167.50 59.00 0.986434
167.50 61.00 0.983614
167.50 63.00 0.978684
167.50 65.00 0.974695
167.50 67.00 0.969247
167.50 69.00 0.962003
167.50 71.00 0.948663
167.50 73.00 0.935517
167.50 75.00 0.912103
167.50 77.00 0.885670
167.50 79.00 0.847447
167.50 81.00 0.785242
167.50 83.00 0.708623
167.50 85.00 0.590969
167.50 87.00 0.428571
167.50 89.00 0.210962
172.50 1.00  1.000000
172.50 3.00  1.000000
172.50 5.00  1.000000
172.50 7.00  1.000000
172.50 9.00  1.000000
172.50 11.00 0.999976
172.50 13.00 0.999960
172.50 15.00 0.999920
172.50 17.00 0.999887
172.50 19.00 0.999853
172.50 21.00 0.999735
172.50 23.00 0.999564
172.50 25.00 0.999446
172.50 27.00 0.999168
172.50 29.00 0.999055
172.50 31.00 0.998748
172.50 33.00 0.998555
172.50 35.00 0.998210
172.50 37.00 0.997749
172.50 39.00 0.997727
172.50 41.00 0.997088
172.50 43.00 0.996249
172.50 45.00 0.995557
172.50 47.00 0.994876
172.50 49.00 0.994253
172.50 51.00 0.993037
172.50 53.00 0.991897
172.50 55.00 0.990238
172.50 57.00 0.987844
172.50 59.00 0.985425
172.50 61.00 0.983070
172.50 63.00 0.978425
172.50 65.00 0.973937
172.50 67.00 0.966688
172.50 69.00 0.958719
172.50 71.00 0.947734
172.50 73.00 0.934199
172.50 75.00 0.912806
172.50 77.00 0.881691
172.50 79.00 0.843417
172.50 81.00 0.787649
172.50 83.00 0.705152
172.50 85.00 0.589314
172.50 87.00 0.421807
172.50 89.00 0.208270
177.50 1.00  1.000000
177.50 3.00  1.000000
177.50 5.00  1.000000
177.50 7.00  1.000000
177.50 9.00  1.000000
177.50 11.00 0.999984
177.50 13.00 0.999960
177.50 15.00 0.999888
177.50 17.00 0.999863
177.50 19.00 0.999845
177.50 21.00 0.999727
177.50 23.00 0.999614
177.50 25.00 0.999446
177.50 27.00 0.999203
177.50 29.00 0.999073
177.50 31.00 0.998739
177.50 33.00 0.998500
177.50 35.00 0.998229
177.50 37.00 0.997778
177.50 39.00 0.997449
177.50 41.00 0.996945
177.50 43.00 0.995859
177.50 45.00 0.995319
177.50 47.00 0.994817
177.50 49.00 0.993472
177.50 51.00 0.992867
177.50 53.00 0.991807
177.50 55.00 0.990596
177.50 57.00 0.987595
177.50 59.00 0.985660
177.50 61.00 0.981805
177.50 63.00 0.977574
177.50 65.00 0.972985
177.50 67.00 0.966367
177.50 69.00 0.958492
177.50 71.00 0.948065
177.50 73.00 0.932141
177.50 75.00 0.913359
177.50 77.00 0.882946
177.50 79.00 0.838429
177.50 81.00 0.782219
177.50 83.00 0.704968
177.50 85.00 0.585470
177.50 87.00 0.429659
177.50 89.00 0.202341
182.50 1.00  1.000000
182.50 3.00  1.000000
182.50 5.00  1.000000
182.50 7.00  1.000000
182.50 9.00  0.999992
182.50 11.00 1.000000
182.50 13.00 0.999968
182.50 15.00 0.999912
182.50 17.00 0.999887
182.50 19.00 0.999788
182.50 21.00 0.999710
182.50 23.00 0.999505
182.50 25.00 0.999378
182.50 27.00 0.999186
182.50 29.00 0.999012
182.50 31.00 0.998649
182.50 33.00 0.998252
182.50 35.00 0.998276
182.50 37.00 0.997768
182.50 39.00 0.997172
182.50 41.00 0.996609
182.50 43.00 0.996259
182.50 45.00 0.995567
182.50 47.00 0.995157
182.50 49.00 0.993694
182.50 51.00 0.992528
182.50 53.00 0.991113
182.50 55.00 0.989699
182.50 57.00 0.987225
182.50 59.00 0.985119
182.50 61.00 0.980901
182.50 63.00 0.977433
182.50 65.00 0.972031
182.50 67.00 0.965403
182.50 69.00 0.957600
182.50 71.00 0.945384
182.50 73.00 0.932697
182.50 75.00 0.907405
182.50 77.00 0.879111
182.50 79.00 0.838473
182.50 81.00 0.782416
182.50 83.00 0.697646
182.50 85.00 0.581299
182.50 87.00 0.426286
182.50 89.00 0.202635
187.50 1.00  1.000000
187.50 3.00  1.000000
187.50 5.00  1.000000
187.50 7.00  1.000000
187.50 9.00  0.999984
187.50 11.00 0.999976
187.50 13.00 0.999952
187.50 15.00 0.999976
187.50 17.00 0.999847
187.50 19.00 0.999845
187.50 21.00 0.999611
187.50 23.00 0.999455
187.50 25.00 0.999378
187.50 27.00 0.999116
187.50 29.00 0.998906
187.50 31.00 0.998677
187.50 33.00 0.998280
187.50 35.00 0.998069
187.50 37.00 0.997595
187.50 39.00 0.997291
187.50 41.00 0.996753
187.50 43.00 0.996029
187.50 45.00 0.995113
187.50 47.00 0.994314
187.50 49.00 0.993169
187.50 51.00 0.992009
187.50 53.00 0.990322
187.50 55.00 0.988734
187.50 57.00 0.987221
187.50 59.00 0.983913
187.50 61.00 0.981280
187.50 63.00 0.977954
187.50 65.00 0.971395
187.50 67.00 0.964761
187.50 69.00 0.956139
187.50 71.00 0.944297
187.50 73.00 0.928630
187.50 75.00 0.909491
187.50 77.00 0.879702
187.50 79.00 0.840777
187.50 81.00 0.780578
187.50 83.00 0.699594
187.50 85.00 0.584991
187.50 87.00 0.420138
187.50 89.00 0.206339
192.50 1.00  1.000000
192.50 3.00  1.000000
192.50 5.00  1.000000
192.50 7.00  1.000000
192.50 9.00  0.999992
192.50 11.00 0.999976
192.50 13.00 0.999945
192.50 15.00 0.999912
192.50 17.00 0.999790
192.50 19.00 0.999837
192.50 21.00 0.999702
192.50 23.00 0.999564
192.50 25.00 0.999250
192.50 27.00 0.999177
192.50 29.00 0.998914
192.50 31.00 0.998766
192.50 33.00 0.998353
192.50 35.00 0.997938
192.50 37.00 0.997827
192.50 39.00 0.996945
192.50 41.00 0.996691
192.50 43.00 0.995935
192.50 45.00 0.995200
192.50 47.00 0.994147
192.50 49.00 0.993020
192.50 51.00 0.992168
192.50 53.00 0.990825
192.50 55.00 0.989464
192.50 57.00 0.986590
192.50 59.00 0.984075
192.50 61.00 0.979097
192.50 63.00 0.977194
192.50 65.00 0.971242
192.50 67.00 0.966414
192.50 69.00 0.956368
192.50 71.00 0.945027
192.50 73.00 0.928631
192.50 75.00 0.907953
192.50 77.00 0.877156
192.50 79.00 0.836202
192.50 81.00 0.782990
192.50 83.00 0.698690
192.50 85.00 0.583076
192.50 87.00 0.420810
192.50 89.00 0.209291
197.50 1.00  1.000000
197.50 3.00  1.000000
197.50 5.00  1.000000
197.50 7.00  1.000000
197.50 9.00  1.000000
197.50 11.00 0.999984
197.50 13.00 0.999968
197.50 15.00 0.999952
197.50 17.00 0.999839
197.50 19.00 0.999755
197.50 21.00 0.999644
197.50 23.00 0.999488
197.50 25.00 0.999557
197.50 27.00 0.999272
197.50 29.00 0.998782
197.50 31.00 0.998632
197.50 33.00 0.998280
197.50 35.00 0.997985
197.50 37.00 0.997576
197.50 39.00 0.997054
197.50 41.00 0.996478
197.50 43.00 0.995663
197.50 45.00 0.995222
197.50 47.00 0.994261
197.50 49.00 0.992928
197.50 51.00 0.992082
197.50 53.00 0.990257
197.50 55.00 0.988766
197.50 57.00 0.987231
197.50 59.00 0.983600
197.50 61.00 0.980004
197.50 63.00 0.976254
197.50 65.00 0.969962
197.50 67.00 0.963981
197.50 69.00 0.955388
197.50 71.00 0.942457
197.50 73.00 0.926204
197.50 75.00 0.903825
197.50 77.00 0.876206
197.50 79.00 0.834433
197.50 81.00 0.774673
197.50 83.00 0.696247
197.50 85.00 0.576170
197.50 87.00 0.424212
197.50 89.00 0.210616
202.50 1.00  1.000000
202.50 3.00  1.000000
202.50 5.00  1.000000
202.50 7.00  1.000000
202.50 9.00  0.999992
202.50 11.00 0.999976
202.50 13.00 0.999952
202.50 15.00 0.999952
202.50 17.00 0.999814
202.50 19.00 0.999714
202.50 21.00 0.999595
202.50 23.00 0.999597
202.50 25.00 0.999302
202.50 27.00 0.998987
202.50 29.00 0.998897
202.50 31.00 0.998506
202.50 33.00 0.998234
202.50 35.00 0.997760
202.50 37.00 0.997596
202.50 39.00 0.996936
202.50 41.00 0.996407
202.50 43.00 0.995946
202.50 45.00 0.995103
202.50 47.00 0.994060
202.50 49.00 0.993150
202.50 51.00 0.991915
202.50 53.00 0.989945
202.50 55.00 0.987921
202.50 57.00 0.985984
202.50 59.00 0.983339
202.50 61.00 0.979947
202.50 63.00 0.974987
202.50 65.00 0.971045
202.50 67.00 0.963858
202.50 69.00 0.953895
202.50 71.00 0.943116
202.50 73.00 0.926045
202.50 75.00 0.903784
202.50 77.00 0.876320
202.50 79.00 0.835254
202.50 81.00 0.772577
202.50 83.00 0.692463
202.50 85.00 0.581683
202.50 87.00 0.421015
202.50 89.00 0.210750
207.50 1.00  1.000000
207.50 3.00  1.000000
207.50 5.00  1.000000
207.50 7.00  1.000000
207.50 9.00  0.999992
207.50 11.00 0.999969
207.50 13.00 0.999952
207.50 15.00 0.999904
207.50 17.00 0.999830
207.50 19.00 0.999739
207.50 21.00 0.999587
207.50 23.00 0.999556
207.50 25.00 0.999421
207.50 27.00 0.999047
207.50 29.00 0.998677
207.50 31.00 0.998569
207.50 33.00 0.998197
207.50 35.00 0.997976
207.50 37.00 0.997529
207.50 39.00 0.997104
207.50 41.00 0.996438
207.50 43.00 0.995580
207.50 45.00 0.994942
207.50 47.00 0.994138
207.50 49.00 0.992790
207.50 51.00 0.991723
207.50 53.00 0.990047
207.50 55.00 0.988465
207.50 57.00 0.986197
207.50 59.00 0.983523
207.50 61.00 0.980498
207.50 63.00 0.975789
207.50 65.00 0.970221
207.50 67.00 0.963463
207.50 69.00 0.954017
207.50 71.00 0.942543
207.50 73.00 0.926224
207.50 75.00 0.902358
207.50 77.00 0.875786
207.50 79.00 0.831911
207.50 81.00 0.776636
207.50 83.00 0.689554
207.50 85.00 0.575660
207.50 87.00 0.421625
207.50 89.00 0.211293
212.50 1.00  1.000000
212.50 3.00  1.000000
212.50 5.00  1.000000
212.50 7.00  0.999992
212.50 9.00  1.000000
212.50 11.00 0.999984
212.50 13.00 0.999952
212.50 15.00 0.999896
212.50 17.00 0.999847
212.50 19.00 0.999780
212.50 21.00 0.999620
212.50 23.00 0.999539
212.50 25.00 0.999387
212.50 27.00 0.999177
212.50 29.00 0.998827
212.50 31.00 0.998677
212.50 33.00 0.998317
212.50 35.00 0.997901
212.50 37.00 0.997529
212.50 39.00 0.996887
212.50 41.00 0.996419
212.50 43.00 0.995570
212.50 45.00 0.995278
212.50 47.00 0.994364
212.50 49.00 0.992665
212.50 51.00 0.991847
212.50 53.00 0.990377
212.50 55.00 0.988365
212.50 57.00 0.985921
212.50 59.00 0.983187
212.50 61.00 0.980217
212.50 63.00 0.976006
212.50 65.00 0.971492
212.50 67.00 0.963395
212.50 69.00 0.953404
212.50 71.00 0.943106
212.50 73.00 0.929106
212.50 75.00 0.903123
212.50 77.00 0.872228
212.50 79.00 0.827430
212.50 81.00 0.776064
212.50 83.00 0.695643
212.50 85.00 0.577007
212.50 87.00 0.417891
212.50 89.00 0.214627
217.50 1.00  1.000000
217.50 3.00  1.000000
217.50 5.00  1.000000
217.50 7.00  0.999992
217.50 9.00  0.999992
217.50 11.00 0.999976
217.50 13.00 0.999945
217.50 15.00 0.999888
217.50 17.00 0.999822
217.50 19.00 0.999763
217.50 21.00 0.999694
217.50 23.00 0.999556
217.50 25.00 0.999251
217.50 27.00 0.999290
217.50 29.00 0.999012
217.50 31.00 0.998542
217.50 33.00 0.998400
217.50 35.00 0.997882
217.50 37.00 0.997578
217.50 39.00 0.997015
217.50 41.00 0.996450
217.50 43.00 0.995781
217.50 45.00 0.995072
217.50 47.00 0.994007
217.50 49.00 0.993096
217.50 51.00 0.991847
217.50 53.00 0.990441
217.50 55.00 0.989301
217.50 57.00 0.985941
217.50 59.00 0.982841
217.50 61.00 0.981050
217.50 63.00 0.975906
217.50 65.00 0.970774
217.50 67.00 0.963693
217.50 69.00 0.953188
217.50 71.00 0.940523
217.50 73.00 0.924863
217.50 75.00 0.904025
217.50 77.00 0.873094
217.50 79.00 0.830898
217.50 81.00 0.772875
217.50 83.00 0.694840
217.50 85.00 0.576360
217.50 87.00 0.419695
217.50 89.00 0.216679
222.50 1.00  1.000000
222.50 3.00  1.000000
222.50 5.00  1.000000
222.50 7.00  1.000000
222.50 9.00  1.000000
222.50 11.00 0.999992
222.50 13.00 0.999976
222.50 15.00 0.999920
222.50 17.00 0.999830
222.50 19.00 0.999812
222.50 21.00 0.999669
222.50 23.00 0.999589
222.50 25.00 0.999378
222.50 27.00 0.999125
222.50 29.00 0.998809
222.50 31.00 0.998776
222.50 33.00 0.998519
222.50 35.00 0.997958
222.50 37.00 0.997530
222.50 39.00 0.997283
222.50 41.00 0.996195
222.50 43.00 0.996053
222.50 45.00 0.994673
222.50 47.00 0.994197
222.50 49.00 0.993144
222.50 51.00 0.991377
222.50 53.00 0.990670
222.50 55.00 0.988237
222.50 57.00 0.986179
222.50 59.00 0.983561
222.50 61.00 0.980153
222.50 63.00 0.976713
222.50 65.00 0.970560
222.50 67.00 0.964344
222.50 69.00 0.953743
222.50 71.00 0.942591
222.50 73.00 0.924982
222.50 75.00 0.902561
222.50 77.00 0.875562
222.50 79.00 0.835084
222.50 81.00 0.774257
222.50 83.00 0.690048
222.50 85.00 0.574011
222.50 87.00 0.419664
222.50 89.00 0.218972
227.50 1.00  1.000000
227.50 3.00  1.000000
227.50 5.00  1.000000
227.50 7.00  1.000000
227.50 9.00  0.999969
227.50 11.00 0.999976
227.50 13.00 0.999921
227.50 15.00 0.999936
227.50 17.00 0.999814
227.50 19.00 0.999788
227.50 21.00 0.999628
227.50 23.00 0.999505
227.50 25.00 0.999472
227.50 27.00 0.999290
227.50 29.00 0.998827
227.50 31.00 0.998749
227.50 33.00 0.998400
227.50 35.00 0.997996
227.50 37.00 0.997665
227.50 39.00 0.996829
227.50 41.00 0.996563
227.50 43.00 0.996054
227.50 45.00 0.995150
227.50 47.00 0.994187
227.50 49.00 0.993621
227.50 51.00 0.991983
227.50 53.00 0.991342
227.50 55.00 0.989386
227.50 57.00 0.986360
227.50 59.00 0.984119
227.50 61.00 0.979468
227.50 63.00 0.975874
227.50 65.00 0.972270
227.50 67.00 0.964355
227.50 69.00 0.953828
227.50 71.00 0.942261
227.50 73.00 0.925653
227.50 75.00 0.903155
227.50 77.00 0.872232
227.50 79.00 0.829730
227.50 81.00 0.770668
227.50 83.00 0.689720
227.50 85.00 0.581846
227.50 87.00 0.421718
227.50 89.00 0.219350
232.50 1.00  1.000000
232.50 3.00  1.000000
232.50 5.00  1.000000
232.50 7.00  1.000000
232.50 9.00  1.000000
232.50 11.00 0.999953
232.50 13.00 0.999968
232.50 15.00 0.999928
232.50 17.00 0.999895
232.50 19.00 0.999820
232.50 21.00 0.999678
232.50 23.00 0.999497
232.50 25.00 0.999447
232.50 27.00 0.999160
232.50 29.00 0.999021
232.50 31.00 0.998830
232.50 33.00 0.998538
232.50 35.00 0.998015
232.50 37.00 0.997704
232.50 39.00 0.997353
232.50 41.00 0.996990
232.50 43.00 0.995919
232.50 45.00 0.995616
232.50 47.00 0.994233
232.50 49.00 0.993285
232.50 51.00 0.992916
232.50 53.00 0.991003
232.50 55.00 0.989665
232.50 57.00 0.987069
232.50 59.00 0.984995
232.50 61.00 0.981928
232.50 63.00 0.977589
232.50 65.00 0.970467
232.50 67.00 0.963946
232.50 69.00 0.955830
232.50 71.00 0.943985
232.50 73.00 0.926832
232.50 75.00 0.904390
232.50 77.00 0.877169
232.50 79.00 0.830397
232.50 81.00 0.777348
232.50 83.00 0.692069
232.50 85.00 0.584989
232.50 87.00 0.421342
232.50 89.00 0.218853
237.50 1.00  1.000000
237.50 3.00  1.000000
237.50 5.00  1.000000
237.50 7.00  0.999992
237.50 9.00  0.999984
237.50 11.00 0.999953
237.50 13.00 0.999968
237.50 15.00 0.999928
237.50 17.00 0.999798
237.50 19.00 0.999763
237.50 21.00 0.999686
237.50 23.00 0.999581
237.50 25.00 0.999481
237.50 27.00 0.999195
237.50 29.00 0.999047
237.50 31.00 0.998830
237.50 33.00 0.998887
237.50 35.00 0.998240
237.50 37.00 0.997906
237.50 39.00 0.997275
237.50 41.00 0.996573
237.50 43.00 0.995982
237.50 45.00 0.995358
237.50 47.00 0.994873
237.50 49.00 0.993764
237.50 51.00 0.992774
237.50 53.00 0.990792
237.50 55.00 0.989641
237.50 57.00 0.987532
237.50 59.00 0.985567
237.50 61.00 0.981135
237.50 63.00 0.977080
237.50 65.00 0.971760
237.50 67.00 0.965687
237.50 69.00 0.956888
237.50 71.00 0.944136
237.50 73.00 0.928056
237.50 75.00 0.908864
237.50 77.00 0.876935
237.50 79.00 0.838207
237.50 81.00 0.778493
237.50 83.00 0.695883
237.50 85.00 0.582684
237.50 87.00 0.426283
237.50 89.00 0.219732
242.50 1.00  1.000000
242.50 3.00  1.000000
242.50 5.00  1.000000
242.50 7.00  1.000000
242.50 9.00  1.000000
242.50 11.00 0.999992
242.50 13.00 0.999960
242.50 15.00 0.999888
242.50 17.00 0.999911
242.50 19.00 0.999796
242.50 21.00 0.999678
242.50 23.00 0.999606
242.50 25.00 0.999506
242.50 27.00 0.999203
242.50 29.00 0.999109
242.50 31.00 0.998759
242.50 33.00 0.998529
242.50 35.00 0.998212
242.50 37.00 0.998157
242.50 39.00 0.997542
242.50 41.00 0.997032
242.50 43.00 0.996486
242.50 45.00 0.996041
242.50 47.00 0.994807
242.50 49.00 0.994161
242.50 51.00 0.993162
242.50 53.00 0.992067
242.50 55.00 0.989856
242.50 57.00 0.988032
242.50 59.00 0.985453
242.50 61.00 0.981478
242.50 63.00 0.978795
242.50 65.00 0.972836
242.50 67.00 0.965723
242.50 69.00 0.957809
242.50 71.00 0.946170
242.50 73.00 0.930611
242.50 75.00 0.908106
242.50 77.00 0.882619
242.50 79.00 0.835541
242.50 81.00 0.780597
242.50 83.00 0.701132
242.50 85.00 0.586230
242.50 87.00 0.426173
242.50 89.00 0.220698
247.50 1.00  1.000000
247.50 3.00  1.000000
247.50 5.00  1.000000
247.50 7.00  1.000000
247.50 9.00  1.000000
247.50 11.00 0.999961
247.50 13.00 0.999960
247.50 15.00 0.999936
247.50 17.00 0.999831
247.50 19.00 0.999837
247.50 21.00 0.999620
247.50 23.00 0.999589
247.50 25.00 0.999387
247.50 27.00 0.999195
247.50 29.00 0.999065
247.50 31.00 0.998920
247.50 33.00 0.998529
247.50 35.00 0.998354
247.50 37.00 0.997984
247.50 39.00 0.997661
247.50 41.00 0.997297
247.50 43.00 0.996665
247.50 45.00 0.995976
247.50 47.00 0.995425
247.50 49.00 0.994592
247.50 51.00 0.993262
247.50 53.00 0.991918
247.50 55.00 0.990650
247.50 57.00 0.988368
247.50 59.00 0.985867
247.50 61.00 0.982549
247.50 63.00 0.977886
247.50 65.00 0.974846
247.50 67.00 0.968038
247.50 69.00 0.960130
247.50 71.00 0.945845
247.50 73.00 0.930942
247.50 75.00 0.912147
247.50 77.00 0.880837
247.50 79.00 0.839288
247.50 81.00 0.782976
247.50 83.00 0.700588
247.50 85.00 0.587150
247.50 87.00 0.426518
247.50 89.00 0.219316
252.50 1.00  1.000000
252.50 3.00  1.000000
252.50 5.00  1.000000
252.50 7.00  1.000000
252.50 9.00  1.000000
252.50 11.00 0.999984
252.50 13.00 0.999976
252.50 15.00 0.999928
252.50 17.00 0.999822
252.50 19.00 0.999853
252.50 21.00 0.999628
252.50 23.00 0.999614
252.50 25.00 0.999464
252.50 27.00 0.999325
252.50 29.00 0.999233
252.50 31.00 0.998858
252.50 33.00 0.998585
252.50 35.00 0.998410
252.50 37.00 0.998186
252.50 39.00 0.997770
252.50 41.00 0.997338
252.50 43.00 0.996644
252.50 45.00 0.995934
252.50 47.00 0.995302
252.50 49.00 0.994524
252.50 51.00 0.993796
252.50 53.00 0.992285
252.50 55.00 0.990761
252.50 57.00 0.988955
252.50 59.00 0.986747
252.50 61.00 0.983293
252.50 63.00 0.979743
252.50 65.00 0.975552
252.50 67.00 0.966711
252.50 69.00 0.959731
252.50 71.00 0.950358
252.50 73.00 0.934139
252.50 75.00 0.913094
252.50 77.00 0.882289
252.50 79.00 0.845821
252.50 81.00 0.786442
252.50 83.00 0.704351
252.50 85.00 0.588538
252.50 87.00 0.432512
252.50 89.00 0.217787
257.50 1.00  1.000000
257.50 3.00  1.000000
257.50 5.00  1.000000
257.50 7.00  0.999992
257.50 9.00  0.999992
257.50 11.00 0.999976
257.50 13.00 0.999960
257.50 15.00 0.999880
257.50 17.00 0.999855
257.50 19.00 0.999837
257.50 21.00 0.999736
257.50 23.00 0.999606
257.50 25.00 0.999404
257.50 27.00 0.999377
257.50 29.00 0.999215
257.50 31.00 0.999002
257.50 33.00 0.998851
257.50 35.00 0.998420
257.50 37.00 0.998129
257.50 39.00 0.997820
257.50 41.00 0.997725
257.50 43.00 0.996939
257.50 45.00 0.996302
257.50 47.00 0.995493
257.50 49.00 0.995258
257.50 51.00 0.994196
257.50 53.00 0.992644
257.50 55.00 0.991237
257.50 57.00 0.989706
257.50 59.00 0.987744
257.50 61.00 0.984517
257.50 63.00 0.980158
257.50 65.00 0.975654
257.50 67.00 0.970711
257.50 69.00 0.962606
257.50 71.00 0.951994
257.50 73.00 0.934499
257.50 75.00 0.916150
257.50 77.00 0.886674
257.50 79.00 0.845105
257.50 81.00 0.789543
257.50 83.00 0.713661
257.50 85.00 0.595088
257.50 87.00 0.432403
257.50 89.00 0.218226
262.50 1.00  1.000000
262.50 3.00  1.000000
262.50 5.00  1.000000
262.50 7.00  1.000000
262.50 9.00  1.000000
262.50 11.00 0.999984
262.50 13.00 0.999968
262.50 15.00 0.999928
262.50 17.00 0.999863
262.50 19.00 0.999861
262.50 21.00 0.999694
262.50 23.00 0.999707
262.50 25.00 0.999566
262.50 27.00 0.999420
262.50 29.00 0.999207
262.50 31.00 0.999038
262.50 33.00 0.998961
262.50 35.00 0.998673
262.50 37.00 0.998322
262.50 39.00 0.998127
262.50 41.00 0.997705
262.50 43.00 0.996897
262.50 45.00 0.996845
262.50 47.00 0.995586
262.50 49.00 0.995132
262.50 51.00 0.993811
262.50 53.00 0.992555
262.50 55.00 0.991505
262.50 57.00 0.989699
262.50 59.00 0.987985
262.50 61.00 0.985713
262.50 63.00 0.980527
262.50 65.00 0.976757
262.50 67.00 0.971513
262.50 69.00 0.962999
262.50 71.00 0.953635
262.50 73.00 0.938323
262.50 75.00 0.918663
262.50 77.00 0.889818
262.50 79.00 0.843249
262.50 81.00 0.798437
262.50 83.00 0.715064
262.50 85.00 0.596302
262.50 87.00 0.436565
262.50 89.00 0.217067
267.50 1.00  1.000000
267.50 3.00  1.000000
267.50 5.00  1.000000
267.50 7.00  1.000000
267.50 9.00  0.999992
267.50 11.00 0.999992
267.50 13.00 0.999976
267.50 15.00 0.999968
267.50 17.00 0.999927
267.50 19.00 0.999910
267.50 21.00 0.999818
267.50 23.00 0.999656
267.50 25.00 0.999515
267.50 27.00 0.999662
267.50 29.00 0.999462
267.50 31.00 0.999191
267.50 33.00 0.998943
267.50 35.00 0.998711
267.50 37.00 0.998341
267.50 39.00 0.998187
267.50 41.00 0.997624
267.50 43.00 0.997202
267.50 45.00 0.997074
267.50 47.00 0.996147
267.50 49.00 0.995156
267.50 51.00 0.994504
267.50 53.00 0.993155
267.50 55.00 0.991958
267.50 57.00 0.990743
267.50 59.00 0.988646
267.50 61.00 0.985703
267.50 63.00 0.981711
267.50 65.00 0.978263
267.50 67.00 0.970674
267.50 69.00 0.963505
267.50 71.00 0.953000
267.50 73.00 0.940176
267.50 75.00 0.917865
267.50 77.00 0.891475
267.50 79.00 0.847792
267.50 81.00 0.795779
267.50 83.00 0.711842
267.50 85.00 0.603545
267.50 87.00 0.440002
267.50 89.00 0.215497
272.50 1.00  1.000000
272.50 3.00  1.000000
272.50 5.00  1.000000
272.50 7.00  1.000000
272.50 9.00  1.000000
272.50 11.00 0.999976
272.50 13.00 0.999960
272.50 15.00 0.999960
272.50 17.00 0.999960
272.50 19.00 0.999821
272.50 21.00 0.999810
272.50 23.00 0.999732
272.50 25.00 0.999660
272.50 27.00 0.999533
272.50 29.00 0.999392
272.50 31.00 0.999236
272.50 33.00 0.998980
272.50 35.00 0.998881
272.50 37.00 0.998717
272.50 39.00 0.998395
272.50 41.00 0.997736
272.50 43.00 0.997654
272.50 45.00 0.996999
272.50 47.00 0.996316
272.50 49.00 0.995565
272.50 51.00 0.995266
272.50 53.00 0.994000
272.50 55.00 0.992781
272.50 57.00 0.990369
272.50 59.00 0.988648
272.50 61.00 0.986279
272.50 63.00 0.982917
272.50 65.00 0.978971
272.50 67.00 0.973546
272.50 69.00 0.966221
272.50 71.00 0.957332
272.50 73.00 0.941399
272.50 75.00 0.923533
272.50 77.00 0.892730
272.50 79.00 0.855243
272.50 81.00 0.791446
272.50 83.00 0.716366
272.50 85.00 0.606045
272.50 87.00 0.440907
272.50 89.00 0.218840
277.50 1.00  1.000000
277.50 3.00  1.000000
277.50 5.00  1.000000
277.50 7.00  1.000000
277.50 9.00  0.999992
277.50 11.00 0.999976
277.50 13.00 0.999945
277.50 15.00 0.999936
277.50 17.00 0.999911
277.50 19.00 0.999829
277.50 21.00 0.999810
277.50 23.00 0.999682
277.50 25.00 0.999634
277.50 27.00 0.999576
277.50 29.00 0.999462
277.50 31.00 0.999245
277.50 33.00 0.999054
277.50 35.00 0.998768
277.50 37.00 0.998631
277.50 39.00 0.998355
277.50 41.00 0.997940
277.50 43.00 0.997622
277.50 45.00 0.997173
277.50 47.00 0.996699
277.50 49.00 0.995729
277.50 51.00 0.995160
277.50 53.00 0.994445
277.50 55.00 0.993050
277.50 57.00 0.992013
277.50 59.00 0.989652
277.50 61.00 0.987200
277.50 63.00 0.984550
277.50 65.00 0.980571
277.50 67.00 0.974847
277.50 69.00 0.966312
277.50 71.00 0.957631
277.50 73.00 0.944623
277.50 75.00 0.922927
277.50 77.00 0.896383
277.50 79.00 0.858467
277.50 81.00 0.800469
277.50 83.00 0.728351
277.50 85.00 0.608795
277.50 87.00 0.445039
277.50 89.00 0.222861
282.50 1.00  1.000000
282.50 3.00  1.000000
282.50 5.00  1.000000
282.50 7.00  1.000000
282.50 9.00  1.000000
282.50 11.00 1.000000
282.50 13.00 0.999984
282.50 15.00 0.999968
282.50 17.00 0.999944
282.50 19.00 0.999878
282.50 21.00 0.999826
282.50 23.00 0.999765
282.50 25.00 0.999685
282.50 27.00 0.999507
282.50 29.00 0.999445
282.50 31.00 0.999263
282.50 33.00 0.999201
282.50 35.00 0.998947
282.50 37.00 0.998612
282.50 39.00 0.998198
282.50 41.00 0.998093
282.50 43.00 0.997686
282.50 45.00 0.997314
282.50 47.00 0.997092
282.50 49.00 0.996091
282.50 51.00 0.995611
282.50 53.00 0.994624
282.50 55.00 0.993380
282.50 57.00 0.991750
282.50 59.00 0.990285
282.50 61.00 0.988490
282.50 63.00 0.985556
282.50 65.00 0.981001
282.50 67.00 0.975699
282.50 69.00 0.969081
282.50 71.00 0.958730
282.50 73.00 0.943266
282.50 75.00 0.924490
282.50 77.00 0.898054
282.50 79.00 0.858052
282.50 81.00 0.802149
282.50 83.00 0.726699
282.50 85.00 0.610888
282.50 87.00 0.450327
282.50 89.00 0.227067
287.50 1.00  1.000000
287.50 3.00  1.000000
287.50 5.00  1.000000
287.50 7.00  1.000000
287.50 9.00  1.000000
287.50 11.00 1.000000
287.50 13.00 0.999968
287.50 15.00 0.999960
287.50 17.00 0.999960
287.50 19.00 0.999894
287.50 21.00 0.999835
287.50 23.00 0.999816
287.50 25.00 0.999702
287.50 27.00 0.999628
287.50 29.00 0.999551
287.50 31.00 0.999380
287.50 33.00 0.999329
287.50 35.00 0.999013
287.50 37.00 0.998872
287.50 39.00 0.998544
287.50 41.00 0.998226
287.50 43.00 0.998033
287.50 45.00 0.997337
287.50 47.00 0.997150
287.50 49.00 0.996523
287.50 51.00 0.995526
287.50 53.00 0.994753
287.50 55.00 0.993620
287.50 57.00 0.992755
287.50 59.00 0.990756
287.50 61.00 0.988634
287.50 63.00 0.985690
287.50 65.00 0.982328
287.50 67.00 0.976467
287.50 69.00 0.969278
287.50 71.00 0.961433
287.50 73.00 0.946740
287.50 75.00 0.926685
287.50 77.00 0.903853
287.50 79.00 0.863393
287.50 81.00 0.804979
287.50 83.00 0.727052
287.50 85.00 0.612856
287.50 87.00 0.452704
287.50 89.00 0.230178
292.50 1.00  1.000000
292.50 3.00  1.000000
292.50 5.00  1.000000
292.50 7.00  1.000000
292.50 9.00  0.999992
292.50 11.00 1.000000
292.50 13.00 0.999992
292.50 15.00 0.999960
292.50 17.00 0.999960
292.50 19.00 0.999902
292.50 21.00 0.999876
292.50 23.00 0.999832
292.50 25.00 0.999813
292.50 27.00 0.999706
292.50 29.00 0.999551
292.50 31.00 0.999416
292.50 33.00 0.999283
292.50 35.00 0.999125
292.50 37.00 0.998862
292.50 39.00 0.998623
292.50 41.00 0.998460
292.50 43.00 0.998327
292.50 45.00 0.997825
292.50 47.00 0.997273
292.50 49.00 0.996349
292.50 51.00 0.996219
292.50 53.00 0.995236
292.50 55.00 0.994511
292.50 57.00 0.993120
292.50 59.00 0.991376
292.50 61.00 0.989614
292.50 63.00 0.986290
292.50 65.00 0.982979
292.50 67.00 0.977174
292.50 69.00 0.970947
292.50 71.00 0.962420
292.50 73.00 0.948503
292.50 75.00 0.931793
292.50 77.00 0.902733
292.50 79.00 0.863720
292.50 81.00 0.806817
292.50 83.00 0.729334
292.50 85.00 0.616688
292.50 87.00 0.456691
292.50 89.00 0.237678
297.50 1.00  1.000000
297.50 3.00  1.000000
297.50 5.00  1.000000
297.50 7.00  1.000000
297.50 9.00  1.000000
297.50 11.00 0.999984
297.50 13.00 0.999984
297.50 15.00 0.999984
297.50 17.00 0.999984
297.50 19.00 0.999902
297.50 21.00 0.999851
297.50 23.00 0.999832
297.50 25.00 0.999847
297.50 27.00 0.999766
297.50 29.00 0.999780
297.50 31.00 0.999551
297.50 33.00 0.999394
297.50 35.00 0.999126
297.50 37.00 0.998910
297.50 39.00 0.998871
297.50 41.00 0.998583
297.50 43.00 0.998443
297.50 45.00 0.998086
297.50 47.00 0.997375
297.50 49.00 0.996922
297.50 51.00 0.996232
297.50 53.00 0.995491
297.50 55.00 0.994912
297.50 57.00 0.993693
297.50 59.00 0.992070
297.50 61.00 0.989776
297.50 63.00 0.987520
297.50 65.00 0.983694
297.50 67.00 0.980214
297.50 69.00 0.971649
297.50 71.00 0.961828
297.50 73.00 0.949380
297.50 75.00 0.930378
297.50 77.00 0.904070
297.50 79.00 0.864249
297.50 81.00 0.808948
297.50 83.00 0.730452
297.50 85.00 0.616042
297.50 87.00 0.456969
297.50 89.00 0.244899
302.50 1.00  1.000000
302.50 3.00  1.000000
302.50 5.00  1.000000
302.50 7.00  1.000000
302.50 9.00  1.000000
302.50 11.00 1.000000
302.50 13.00 0.999984
302.50 15.00 0.999976
302.50 17.00 0.999992
302.50 19.00 0.999951
302.50 21.00 0.999893
302.50 23.00 0.999866
302.50 25.00 0.999855
302.50 27.00 0.999801
302.50 29.00 0.999700
302.50 31.00 0.999631
302.50 33.00 0.999504
302.50 35.00 0.999342
302.50 37.00 0.999007
302.50 39.00 0.998881
302.50 41.00 0.998736
302.50 43.00 0.998370
302.50 45.00 0.998270
302.50 47.00 0.997589
302.50 49.00 0.997319
302.50 51.00 0.996889
302.50 53.00 0.995631
302.50 55.00 0.994872
302.50 57.00 0.993751
302.50 59.00 0.992265
302.50 61.00 0.990287
302.50 63.00 0.987026
302.50 65.00 0.984472
302.50 67.00 0.978696
302.50 69.00 0.974151
302.50 71.00 0.963317
302.50 73.00 0.949526
302.50 75.00 0.931729
302.50 77.00 0.905200
302.50 79.00 0.869478
302.50 81.00 0.811299
302.50 83.00 0.729806
302.50 85.00 0.621272
302.50 87.00 0.460455
302.50 89.00 0.245939
307.50 1.00  1.000000
307.50 3.00  1.000000
307.50 5.00  1.000000
307.50 7.00  1.000000
307.50 9.00  1.000000
307.50 11.00 1.000000
307.50 13.00 0.999992
307.50 15.00 0.999992
307.50 17.00 0.999984
307.50 19.00 0.999935
307.50 21.00 0.999893
307.50 23.00 0.999858
307.50 25.00 0.999847
307.50 27.00 0.999740
307.50 29.00 0.999674
307.50 31.00 0.999604
307.50 33.00 0.999431
307.50 35.00 0.999361
307.50 37.00 0.999161
307.50 39.00 0.998980
307.50 41.00 0.998665
307.50 43.00 0.998643
307.50 45.00 0.998162
307.50 47.00 0.997927
307.50 49.00 0.997377
307.50 51.00 0.996732
307.50 53.00 0.996152
307.50 55.00 0.994967
307.50 57.00 0.993794
307.50 59.00 0.993044
307.50 61.00 0.990201
307.50 63.00 0.987888
307.50 65.00 0.984729
307.50 67.00 0.979887
307.50 69.00 0.973436
307.50 71.00 0.964291
307.50 73.00 0.951596
307.50 75.00 0.933694
307.50 77.00 0.904598
307.50 79.00 0.867975
307.50 81.00 0.811136
307.50 83.00 0.734206
307.50 85.00 0.617886
307.50 87.00 0.463905
307.50 89.00 0.246420
312.50 1.00  1.000000
312.50 3.00  1.000000
312.50 5.00  1.000000
312.50 7.00  1.000000
312.50 9.00  1.000000
312.50 11.00 1.000000
312.50 13.00 0.999976
312.50 15.00 0.999968
312.50 17.00 0.999984
312.50 19.00 0.999943
312.50 21.00 0.999926
312.50 23.00 0.999832
312.50 25.00 0.999872
312.50 27.00 0.999801
312.50 29.00 0.999753
312.50 31.00 0.999605
312.50 33.00 0.999532
312.50 35.00 0.999408
312.50 37.00 0.999248
312.50 39.00 0.998990
312.50 41.00 0.998777
312.50 43.00 0.998570
312.50 45.00 0.998391
312.50 47.00 0.997916
312.50 49.00 0.997460
312.50 51.00 0.996866
312.50 53.00 0.996063
312.50 55.00 0.995367
312.50 57.00 0.994173
312.50 59.00 0.992707
312.50 61.00 0.991291
312.50 63.00 0.988587
312.50 65.00 0.985101
312.50 67.00 0.980342
312.50 69.00 0.975292
312.50 71.00 0.964445
312.50 73.00 0.952395
312.50 75.00 0.932600
312.50 77.00 0.904734
312.50 79.00 0.867139
312.50 81.00 0.815876
312.50 83.00 0.737162
312.50 85.00 0.618736
312.50 87.00 0.457881
312.50 89.00 0.247082
317.50 1.00  1.000000
317.50 3.00  1.000000
317.50 5.00  1.000000
317.50 7.00  1.000000
317.50 9.00  0.999992
317.50 11.00 1.000000
317.50 13.00 1.000000
317.50 15.00 0.999984
317.50 17.00 0.999976
317.50 19.00 0.999976
317.50 21.00 0.999909
317.50 23.00 0.999841
317.50 25.00 0.999872
317.50 27.00 0.999844
317.50 29.00 0.999727
317.50 31.00 0.999605
317.50 33.00 0.999513
317.50 35.00 0.999445
317.50 37.00 0.999316
317.50 39.00 0.999158
317.50 41.00 0.998929
317.50 43.00 0.998685
317.50 45.00 0.998304
317.50 47.00 0.997983
317.50 49.00 0.997717
317.50 51.00 0.997012
317.50 53.00 0.996394
317.50 55.00 0.995327
317.50 57.00 0.994312
317.50 59.00 0.992706
317.50 61.00 0.991183
317.50 63.00 0.989052
317.50 65.00 0.984082
317.50 67.00 0.980992
317.50 69.00 0.973235
317.50 71.00 0.966511
317.50 73.00 0.952760
317.50 75.00 0.934084
317.50 77.00 0.909938
317.50 79.00 0.865799
317.50 81.00 0.815189
317.50 83.00 0.735331
317.50 85.00 0.617615
317.50 87.00 0.461557
317.50 89.00 0.244414
322.50 1.00  1.000000
322.50 3.00  1.000000
322.50 5.00  1.000000
322.50 7.00  1.000000
322.50 9.00  1.000000
322.50 11.00 1.000000
322.50 13.00 1.000000
322.50 15.00 0.999992
322.50 17.00 0.999960
322.50 19.00 0.999935
322.50 21.00 0.999934
322.50 23.00 0.999916
322.50 25.00 0.999830
322.50 27.00 0.999766
322.50 29.00 0.999753
322.50 31.00 0.999676
322.50 33.00 0.999568
322.50 35.00 0.999455
322.50 37.00 0.999335
322.50 39.00 0.999069
322.50 41.00 0.998869
322.50 43.00 0.998717
322.50 45.00 0.998293
322.50 47.00 0.997984
322.50 49.00 0.997566
322.50 51.00 0.997122
322.50 53.00 0.996255
322.50 55.00 0.995514
322.50 57.00 0.994160
322.50 59.00 0.992679
322.50 61.00 0.991529
322.50 63.00 0.988292
322.50 65.00 0.984371
322.50 67.00 0.980696
322.50 69.00 0.973814
322.50 71.00 0.964572
322.50 73.00 0.952618
322.50 75.00 0.934222
322.50 77.00 0.907063
322.50 79.00 0.866729
322.50 81.00 0.812071
322.50 83.00 0.734419
322.50 85.00 0.623444
322.50 87.00 0.459596
322.50 89.00 0.244880
327.50 1.00  1.000000
327.50 3.00  1.000000
327.50 5.00  1.000000
327.50 7.00  1.000000
327.50 9.00  1.000000
327.50 11.00 1.000000
327.50 13.00 0.999968
327.50 15.00 0.999992
327.50 17.00 0.999992
327.50 19.00 0.999976
327.50 21.00 0.999926
327.50 23.00 0.999941
327.50 25.00 0.999855
327.50 27.00 0.999836
327.50 29.00 0.999718
327.50 31.00 0.999650
327.50 33.00 0.999578
327.50 35.00 0.999511
327.50 37.00 0.999383
327.50 39.00 0.999129
327.50 41.00 0.998950
327.50 43.00 0.998707
327.50 45.00 0.998554
327.50 47.00 0.997995
327.50 49.00 0.997717
327.50 51.00 0.997171
327.50 53.00 0.996269
327.50 55.00 0.995115
327.50 57.00 0.994259
327.50 59.00 0.993358
327.50 61.00 0.991216
327.50 63.00 0.988972
327.50 65.00 0.985092
327.50 67.00 0.980454
327.50 69.00 0.973399
327.50 71.00 0.965644
327.50 73.00 0.952635
327.50 75.00 0.932623
327.50 77.00 0.906045
327.50 79.00 0.867920
327.50 81.00 0.810081
327.50 83.00 0.731211
327.50 85.00 0.617187
327.50 87.00 0.459663
327.50 89.00 0.241379
332.50 1.00  1.000000
332.50 3.00  1.000000
332.50 5.00  1.000000
332.50 7.00  1.000000
332.50 9.00  0.999992
332.50 11.00 1.000000
332.50 13.00 0.999968
332.50 15.00 0.999984
332.50 17.00 0.999976
332.50 19.00 0.999943
332.50 21.00 0.999909
332.50 23.00 0.999833
332.50 25.00 0.999821
332.50 27.00 0.999758
332.50 29.00 0.999745
332.50 31.00 0.999623
332.50 33.00 0.999449
332.50 35.00 0.999286
332.50 37.00 0.999219
332.50 39.00 0.999158
332.50 41.00 0.999083
332.50 43.00 0.998885
332.50 45.00 0.998359
332.50 47.00 0.997815
332.50 49.00 0.997729
332.50 51.00 0.997293
332.50 53.00 0.996256
332.50 55.00 0.995396
332.50 57.00 0.994469
332.50 59.00 0.993387
332.50 61.00 0.990656
332.50 63.00 0.989158
332.50 65.00 0.985446
332.50 67.00 0.978801
332.50 69.00 0.974742
332.50 71.00 0.964129
332.50 73.00 0.949462
332.50 75.00 0.933271
332.50 77.00 0.905929
332.50 79.00 0.866418
332.50 81.00 0.812417
332.50 83.00 0.729102
332.50 85.00 0.617406
332.50 87.00 0.459166
332.50 89.00 0.237977
337.50 1.00  1.000000
337.50 3.00  1.000000
337.50 5.00  1.000000
337.50 7.00  1.000000
337.50 9.00  1.000000
337.50 11.00 1.000000
337.50 13.00 0.999992
337.50 15.00 0.999984
337.50 17.00 0.999992
337.50 19.00 0.999943
337.50 21.00 0.999893
337.50 23.00 0.999900
337.50 25.00 0.999847
337.50 27.00 0.999870
337.50 29.00 0.999612
337.50 31.00 0.999587
337.50 33.00 0.999541
337.50 35.00 0.999455
337.50 37.00 0.999296
337.50 39.00 0.999040
337.50 41.00 0.998889
337.50 43.00 0.998696
337.50 45.00 0.998120
337.50 47.00 0.997782
337.50 49.00 0.997660
337.50 51.00 0.997050
337.50 53.00 0.995990
337.50 55.00 0.994918
337.50 57.00 0.994024
337.50 59.00 0.993109
337.50 61.00 0.990517
337.50 63.00 0.987457
337.50 65.00 0.983733
337.50 67.00 0.978950
337.50 69.00 0.971447
337.50 71.00 0.963813
337.50 73.00 0.951346
337.50 75.00 0.931144
337.50 77.00 0.901503
337.50 79.00 0.865640
337.50 81.00 0.809801
337.50 83.00 0.733384
337.50 85.00 0.620522
337.50 87.00 0.456482
337.50 89.00 0.237102
342.50 1.00  1.000000
342.50 3.00  1.000000
342.50 5.00  1.000000
342.50 7.00  1.000000
342.50 9.00  1.000000
342.50 11.00 1.000000
342.50 13.00 0.999984
342.50 15.00 0.999976
342.50 17.00 0.999992
342.50 19.00 0.999959
342.50 21.00 0.999926
342.50 23.00 0.999874
342.50 25.00 0.999932
342.50 27.00 0.999749
342.50 29.00 0.999692
342.50 31.00 0.999587
342.50 33.00 0.999440
342.50 35.00 0.999380
342.50 37.00 0.999239
342.50 39.00 0.999129
342.50 41.00 0.998950
342.50 43.00 0.998675
342.50 45.00 0.998294
342.50 47.00 0.997883
342.50 49.00 0.997368
342.50 51.00 0.996771
342.50 53.00 0.996118
342.50 55.00 0.994866
342.50 57.00 0.994163
342.50 59.00 0.992035
342.50 61.00 0.990394
342.50 63.00 0.987671
342.50 65.00 0.983846
342.50 67.00 0.978195
342.50 69.00 0.972535
342.50 71.00 0.962105
342.50 73.00 0.948285
342.50 75.00 0.932504
342.50 77.00 0.903658
342.50 79.00 0.864207
342.50 81.00 0.809184
342.50 83.00 0.732570
342.50 85.00 0.617766
342.50 87.00 0.457067
342.50 89.00 0.234866
347.50 1.00  1.000000
347.50 3.00  1.000000
347.50 5.00  1.000000
347.50 7.00  0.999992
347.50 9.00  1.000000
347.50 11.00 0.999992
347.50 13.00 0.999976
347.50 15.00 0.999960
347.50 17.00 0.999976
347.50 19.00 0.999951
347.50 21.00 0.999893
347.50 23.00 0.999866
347.50 25.00 0.999864
347.50 27.00 0.999723
347.50 29.00 0.999709
347.50 31.00 0.999605
347.50 33.00 0.999486
347.50 35.00 0.999361
347.50 37.00 0.999152
347.50 39.00 0.998911
347.50 41.00 0.998655
347.50 43.00 0.998245
347.50 45.00 0.998304
347.50 47.00 0.997838
347.50 49.00 0.997309
347.50 51.00 0.996710
347.50 53.00 0.995686
347.50 55.00 0.994918
347.50 57.00 0.993382
347.50 59.00 0.992122
347.50 61.00 0.990099
347.50 63.00 0.987571
347.50 65.00 0.982914
347.50 67.00 0.977882
347.50 69.00 0.970853
347.50 71.00 0.963408
347.50 73.00 0.948379
347.50 75.00 0.927910
347.50 77.00 0.899607
347.50 79.00 0.863044
347.50 81.00 0.809831
347.50 83.00 0.726076
347.50 85.00 0.615648
347.50 87.00 0.454435
347.50 89.00 0.233177
352.50 1.00  1.000000
352.50 3.00  1.000000
352.50 5.00  1.000000
352.50 7.00  1.000000
352.50 9.00  0.999992
352.50 11.00 0.999992
352.50 13.00 0.999976
352.50 15.00 0.999976
352.50 17.00 0.999952
352.50 19.00 0.999935
352.50 21.00 0.999901
352.50 23.00 0.999849
352.50 25.00 0.999762
352.50 27.00 0.999671
352.50 29.00 0.999568
352.50 31.00 0.999560
352.50 33.00 0.999449
352.50 35.00 0.999304
352.50 37.00 0.999017
352.50 39.00 0.998960
352.50 41.00 0.998777
352.50 43.00 0.998329
352.50 45.00 0.997957
352.50 47.00 0.997490
352.50 49.00 0.996947
352.50 51.00 0.996066
352.50 53.00 0.995432
352.50 55.00 0.994984
352.50 57.00 0.993074
352.50 59.00 0.991669
352.50 61.00 0.989605
352.50 63.00 0.986321
352.50 65.00 0.982160
352.50 67.00 0.976026
352.50 69.00 0.969729
352.50 71.00 0.959433
352.50 73.00 0.946068
352.50 75.00 0.926926
352.50 77.00 0.898508
352.50 79.00 0.861319
352.50 81.00 0.806462
352.50 83.00 0.725705
352.50 85.00 0.609667
352.50 87.00 0.447713
352.50 89.00 0.229343
357.50 1.00  1.000000
357.50 3.00  1.000000
357.50 5.00  1.000000
357.50 7.00  1.000000
357.50 9.00  1.000000
357.50 11.00 0.999992
357.50 13.00 0.999992
357.50 15.00 0.999976
357.50 17.00 0.999960
357.50 19.00 0.999935
357.50 21.00 0.999909
357.50 23.00 0.999824
357.50 25.00 0.999821
357.50 27.00 0.999706
357.50 29.00 0.999718
357.50 31.00 0.999506
357.50 33.00 0.999467
357.50 35.00 0.999239
357.50 37.00 0.999113
357.50 39.00 0.998990
357.50 41.00 0.998706
357.50 43.00 0.998507
357.50 45.00 0.997860
357.50 47.00 0.997456
357.50 49.00 0.996866
357.50 51.00 0.996456
357.50 53.00 0.995243
357.50 55.00 0.994282
357.50 57.00 0.993366
357.50 59.00 0.990787
357.50 61.00 0.988302
357.50 63.00 0.985907
357.50 65.00 0.981843
357.50 67.00 0.977946
357.50 69.00 0.969564
357.50 71.00 0.958678
357.50 73.00 0.947516
357.50 75.00 0.925957
357.50 77.00 0.898280
357.50 79.00 0.862788
357.50 81.00 0.805014
357.50 83.00 0.724962
357.50 85.00 0.611517
357.50 87.00 0.449040
357.50 89.00 0.227166
